YES
1 2 1
1 3 2
1 4 3
1 5 4
1 6 5
1 7 6
1 8 7
1 9 11
1 10 37
1 11 46
1 12 56
1 13 67
1 14 68
1 15 69
1 16 70
1 17 71
1 18 72
1 19 73
1 20 74
1 21 75
1 22 76
1 23 77
3 2 8
4 2 9
4 3 10
5 2 12
5 3 13
5 4 14
6 2 15
6 3 16
6 4 17
6 5 18
7 2 19
7 3 20
7 4 21
7 5 22
7 6 23
8 2 24
8 3 25
8 4 26
8 5 27
8 6 28
8 7 29
9 2 30
9 3 31
9 4 32
9 5 33
9 6 34
9 7 35
9 8 36
10 2 38
10 3 39
10 4 40
10 5 41
10 6 42
10 7 43
10 8 44
10 9 45
11 2 47
11 3 48
11 4 49
11 5 50
11 6 51
11 7 52
11 8 53
11 9 54
11 10 55
12 2 57
12 3 58
12 4 59
12 5 60
12 6 61
12 7 62
12 8 63
12 9 64
12 10 65
12 11 66
